Age	Mileage	Horsepower	Brand	Price
6	187065	130	BMW	24092.30907
3	34592	191	Ford	36772.84035
12	15647	120	Honda	18710.30377
14	144788	346	Toyota	27106.977
10	115627	74	Ford	11617.25483
7	75316	161	Mercedes	32899.6241
12	7368	239	Mercedes	38845.57694
4	82575	386	BMW	58390.41266
6	11655	91	BMW	28746.07983
9	75031	395	Mercedes	56637.07317
2	92922	70	BMW	28134.21641
6	191838	202	Toyota	27365.23774
10	129046	302	BMW	38533.04801
10	149475	81	Honda	8154.346162
7	37097	115	BMW	30245.2703
4	147038	103	Ford	21753.05301
3	129862	147	Toyota	33291.41189
7	123834	287	Ford	40617.29418
7	98848	370	Ford	45186.12483
2	57921	142	Honda	36854.99975
5	185798	351	Toyota	41159.94706
4	131141	318	Toyota	47389.05432
1	186372	116	Toyota	30375.41835
7	27677	190	Toyota	31025.62553
11	60609	283	Toyota	31303.32012
13	192733	308	Honda	23975.8191
5	36024	125	BMW	32461.88433
1	75313	176	Ford	43426.3583
11	132813	388	Toyota	36625.44352
4	189078	117	BMW	27725.80146
0	100285	130	BMW	42684.91029
11	151410	95	Ford	10420.59717
9	118632	361	Honda	39985.79357
5	155580	326	Mercedes	46916.62956
12	8051	77	Mercedes	17523.45388
11	184819	182	BMW	22807.33084
8	119692	322	Ford	43094.90058
0	92235	249	Mercedes	53768.41007
10	190093	276	BMW	30502.34647
10	194407	372	Honda	33454.459
14	192251	196	Mercedes	14714.00002
9	168165	125	BMW	23503.13292
11	175806	283	BMW	35499.07715
11	78523	83	Toyota	10729.36179
14	99476	97	Honda	4790.774456
13	22019	147	Toyota	19181.33757
13	88613	285	Ford	26917.16608
14	91672	223	Toyota	19895.27342
13	78847	83	Toyota	5324.752117
2	87750	256	Mercedes	53300.98771
11	33251	381	BMW	46962.76671
6	108481	76	Honda	20434.44794
3	117566	72	Toyota	23703.5755
8	30945	180	Honda	27663.62354
2	95852	307	Toyota	48145.1857
4	37217	308	Ford	52671.06701
2	13308	343	Toyota	61577.9375
6	10949	363	Mercedes	59326.27933
4	188062	296	BMW	47332.40715
8	137222	84	Ford	14839.12895
6	105235	261	Toyota	37134.31352
1	79740	188	Honda	38464.40456
3	121352	97	Ford	26988.14135
8	71617	271	Ford	31843.37193
11	21896	108	Toyota	14239.83162
13	135798	342	Ford	30920.95429
1	182247	300	Honda	49087.63842
9	143877	155	Ford	17186.00383
8	10237	195	Honda	31071.27612
9	25056	369	Toyota	44459.52698
4	181615	94	BMW	27113.56167
1	192628	214	Ford	38215.01131
3	119548	82	BMW	32559.53626
11	116488	281	Honda	28241.80627
14	139415	94	Ford	3676.042384
11	149572	137	Mercedes	21235.43153
6	189294	136	BMW	27531.87875
11	34375	302	Ford	34462.03836
12	145734	178	BMW	21874.59093
7	21964	215	Ford	36405.28055
14	118429	180	Toyota	13756.91974
2	195710	297	BMW	54545.24537
13	72215	180	Mercedes	22409.19753
0	74042	103	Mercedes	41717.88522
3	149356	180	Honda	30305.26268
1	98468	333	Ford	56738.61893
7	197461	305	BMW	40957.93499
3	14435	152	Honda	37890.63196
1	190412	111	BMW	33370.72286
13	180150	170	Ford	9839.09201
5	83832	75	Mercedes	31754.78021
5	56293	249	Toyota	41473.81682
9	83781	351	Mercedes	48687.90588
3	196475	389	Honda	53611.87784
5	165196	295	Toyota	40820.00016
12	48919	384	Honda	40171.19897
14	171319	298	Ford	18795.89088
1	126172	358	Toyota	53693.07675
9	99758	219	Honda	25231.04279
11	198824	346	Ford	33487.66929
1	61573	267	Mercedes	60297.58043
9	64101	139	Ford	24367.69776
13	31646	181	BMW	21478.5889
3	109185	73	Ford	26483.55182
13	28049	387	Ford	44221.93262
14	103116	164	BMW	20468.17543
14	102379	221	Honda	13678.59076
7	73385	380	Honda	52867.34662
13	131131	206	Ford	16626.82807
6	176230	316	BMW	45323.70179
11	28289	312	BMW	43687.74059
8	115226	100	Mercedes	22140.68615
13	105793	109	Honda	8615.914742
7	14823	298	Toyota	46299.70929
4	196232	105	Honda	22933.19374
12	46975	292	Honda	31968.05294
1	14540	75	Mercedes	40952.21632
14	21364	391	Toyota	35669.01203
4	140683	289	Mercedes	49565.87422
7	32663	144	Toyota	23498.25933
9	56991	73	Ford	16995.3319
8	193751	203	Toyota	18241.02904
11	109182	187	Mercedes	28950.70076
11	167049	163	Honda	16906.3718
11	99704	131	Toyota	16752.32923
12	54115	263	Toyota	27767.96833
8	96007	272	BMW	43232.90693
12	196962	95	Honda	4332.406719
14	154143	242	Ford	14619.45576
12	195347	369	Mercedes	42194.11479
0	16938	202	Ford	47659.32834
8	171267	395	Honda	41117.62737
6	96680	187	Toyota	28932.37011
8	9000	393	Toyota	49995.35063
7	106042	344	Honda	45021.29384
0	98610	281	Toyota	55863.59497
11	108691	294	Toyota	31010.28723
7	43304	89	Toyota	21148.4877
7	74449	182	Mercedes	41389.1024
14	87986	209	Mercedes	26458.48708
10	156836	116	BMW	19266.69841
2	113940	70	Ford	24844.17628
0	43494	159	Honda	43357.70015
7	8373	211	Honda	35548.56919
2	148233	389	Honda	56671.21826
2	102532	107	BMW	39202.20485
0	97658	362	Mercedes	66236.45563
10	128633	208	BMW	30395.43142
4	105386	328	Honda	50428.57998
9	32350	230	Ford	30558.27497
6	98008	247	Toyota	34154.35717
9	99297	79	Mercedes	20634.46615
8	30351	330	Mercedes	50559.19082
11	93668	207	BMW	31321.26522
6	119585	241	Mercedes	40117.21344
8	151377	82	Honda	13768.09274
7	80353	237	Honda	39774.44667
11	70953	199	BMW	30178.46307
1	62458	153	Honda	40335.68029
0	25358	390	Ford	68553.46499
6	8267	388	BMW	60460.75187
6	87745	170	Ford	26949.91074
13	94588	398	Toyota	37423.62255
7	43513	342	Ford	47055.15766
4	162164	334	Toyota	42055.37841
2	16338	107	Toyota	34633.24383
11	136484	163	Ford	18115.501
7	12543	164	BMW	34946.95385
5	110891	374	Honda	51726.5617
10	169568	138	Honda	16106.12732
2	65692	387	Toyota	60588.75642
0	49425	305	Toyota	57390.76248
2	43756	206	BMW	48922.59952
4	23888	145	Mercedes	39050.59132
14	171807	104	Ford	1415.357075
13	52295	70	Toyota	5213.135796
2	119352	365	Honda	55371.88191
0	88042	389	BMW	71684.44181
4	90999	129	Ford	26226.36974
9	22955	389	BMW	55040.75005
6	42841	397	Ford	51931.14671
14	75640	336	Ford	28837.90616
13	170983	298	Toyota	24368.33151
6	195103	339	BMW	44764.95989
10	143429	385	BMW	47797.03858
8	168551	355	Honda	37368.12111
14	66476	360	Honda	35010.16081
14	49811	282	Toyota	22610.38746
9	172280	234	Toyota	23550.37464
9	156222	74	Mercedes	21381.88877
11	76180	147	Honda	21308.09274
12	179358	131	Ford	7807.050695
2	117856	201	BMW	45987.12117
14	73450	158	Toyota	14535.63604
6	157424	306	BMW	47091.39235
0	191141	111	BMW	35996.02151
3	116888	158	Mercedes	38458.32937
12	115448	365	Honda	37463.80629
3	19397	397	Toyota	62991.55662
13	177627	364	BMW	39950.05367
4	183031	173	Toyota	24773.95115
6	136800	83	Ford	15453.75042
6	186589	357	Mercedes	52694.3972
12	124180	248	Ford	19987.93891
14	71234	194	Toyota	18315.39991
10	44954	92	Toyota	14522.43499
12	183352	132	Honda	7990.572361
3	84459	212	BMW	46387.90719
12	152851	222	BMW	22866.7131
6	160538	214	Ford	31521.12966
10	173011	294	Mercedes	40128.724
2	171342	378	BMW	61974.05243
5	64163	173	Honda	32598.83261
11	56934	173	Ford	17877.22858
1	168379	108	Ford	25881.87509
9	59098	267	Honda	32085.8134
12	196993	203	Mercedes	22425.79345
13	10486	136	Honda	16302.50013
8	144407	248	Mercedes	39316.53702
4	91900	111	Honda	23912.94203
5	131020	84	Honda	23471.42046
11	107795	180	Toyota	19999.06264
11	147202	226	Ford	21086.22741
11	92508	358	Honda	35795.07692
11	123324	300	Honda	33332.08128
3	65566	226	BMW	47721.51208
13	32192	107	Ford	11550.3622
13	6062	166	BMW	26064.12394
10	89076	358	Ford	38019.80219
9	94780	323	BMW	43996.63884
6	157617	265	Honda	37349.7838
11	26689	155	Honda	22693.74216
8	16174	391	Toyota	51837.51441
6	93461	79	BMW	23916.5905
13	131174	74	Mercedes	10368.1393
0	108033	192	Toyota	41005.56233
0	14348	399	BMW	75032.95768
8	159786	187	BMW	30382.01598
10	43102	363	Toyota	42455.75466
13	79460	228	Honda	26758.46791
8	107634	372	BMW	50236.68784
3	94930	297	Honda	47137.85383
12	11801	285	Toyota	29596.45066
8	108150	253	Honda	29816.80535
2	184208	84	Ford	21248.96525
6	159697	226	Mercedes	37177.78615
5	180333	205	BMW	39103.49619
7	6542	330	Mercedes	54751.22781
10	26677	226	Honda	30652.81133
8	182804	116	BMW	21267.25338
13	186415	393	Honda	33709.85199
4	44081	242	Ford	45300.09429
0	198928	199	Toyota	33965.73833
2	98105	164	BMW	44931.42463
9	24065	184	Ford	22666.67309
11	93092	312	Ford	33101.80542
7	59693	361	BMW	58499.16471
14	31962	351	Honda	35863.21588
10	33295	368	Ford	44381.36787
5	18807	352	Mercedes	64263.54193
7	178420	138	Ford	17972.8742
8	162504	217	Honda	27442.73484
3	193926	80	Honda	22459.93419
0	176334	323	Mercedes	58438.49573
13	173152	399	Ford	32874.17964
0	137396	107	Honda	31742.64113
9	96267	203	BMW	32661.27995
3	171981	269	Toyota	41394.33321
11	24870	92	Toyota	14202.96055
13	170650	372	Toyota	32086.42363
6	31790	371	Ford	48072.20543
1	123874	287	Mercedes	56069.79767
2	30289	210	Honda	42438.71138
0	191201	173	BMW	43343.39503
4	20485	279	BMW	54449.58486
0	49482	180	Ford	43794.65577
7	91188	173	Toyota	27761.15802
0	9748	385	Ford	68508.22544
10	145507	240	Mercedes	32603.60896
0	8709	393	Mercedes	72761.16022
1	128961	202	Honda	37589.43486
1	35355	362	Honda	61504.47035
11	191843	397	Mercedes	44591.5834
5	193871	196	Mercedes	33967.40222
6	149188	175	Mercedes	35492.13365
4	161542	161	Ford	27604.98623
0	178416	356	Mercedes	59366.33427
0	47918	120	BMW	47116.97268
2	57224	98	Toyota	33226.77584
13	44298	365	Mercedes	40253.90113
1	85219	366	Toyota	57213.84944
4	66629	283	Ford	44265.38264
11	71040	336	Toyota	39326.97732
9	33016	326	Ford	41250.61458
5	28960	371	BMW	57660.2436
6	38591	170	Ford	33334.65956
3	108333	179	Ford	32521.79891
6	119821	251	Honda	35588.26902
10	41395	382	Mercedes	50590.71224
7	134695	70	Mercedes	21144.3398
10	158772	388	BMW	47735.91618
0	39620	124	BMW	48461.66032
14	133148	218	Mercedes	20593.86251
5	25559	378	Honda	56774.20285
7	98396	206	Mercedes	36214.69274
4	197714	271	Honda	36810.95618
3	26732	382	BMW	66844.67244
1	96362	186	Toyota	37726.09447
5	166426	223	BMW	39919.9052
5	18843	360	BMW	61518.07671
10	119065	132	Ford	14881.68548
14	76726	313	Ford	30617.8562
0	22640	94	Ford	34222.35078
8	57528	159	Ford	28214.41238
11	43413	144	Honda	15341.37514
10	57638	363	Mercedes	54817.52828
5	188808	279	Toyota	35647.19552
12	115133	86	BMW	11518.73569
2	111357	197	Honda	38666.80618
3	155159	320	Toyota	44149.09411
11	177502	248	Honda	23698.8306
10	160576	251	Honda	28806.51466
3	143186	221	BMW	41953.78755
2	83859	94	Mercedes	38365.84848
9	104657	249	Ford	27101.67926
2	147047	267	Mercedes	53413.55947
14	16023	230	BMW	30031.32273
2	26447	246	BMW	56430.01664
3	130899	354	BMW	57610.35619
6	28959	132	Toyota	26881.7368
3	71203	219	Mercedes	49972.08487
8	124156	223	Mercedes	33476.10296
0	165775	225	Honda	39725.60134
7	14337	118	Honda	26073.22603
6	51427	153	Honda	28949.45679
1	66529	246	BMW	55381.21666
7	107023	217	Mercedes	40531.95285
0	89665	187	BMW	50282.77816
10	110787	132	Toyota	17684.45662
11	167993	258	Honda	25042.45467
8	38307	118	BMW	29873.8415
8	163427	396	BMW	50195.33558
1	132016	326	Toyota	52929.29092
6	9835	293	Ford	45641.55566
14	25159	210	Mercedes	28392.40359
13	183677	284	Ford	21382.70193
9	126790	280	Honda	34278.3584
2	110616	387	BMW	62748.2949
6	174160	101	Toyota	17355.30196
11	83752	227	Toyota	27135.9678
9	60284	354	Mercedes	48488.35635
8	62043	374	Ford	42474.15908
3	171619	355	Mercedes	57651.96433
11	102007	213	BMW	28685.74102
0	87844	88	Mercedes	42429.52448
1	32532	87	Toyota	32812.36984
0	170421	326	Toyota	50870.27186
13	127402	147	Honda	11178.26521
11	123012	244	Honda	27435.53717
4	181517	263	BMW	45374.88925
4	141785	182	Ford	26742.94549
10	61178	183	Mercedes	31612.63498
6	54407	291	BMW	49851.17426
8	55990	235	Honda	33664.00007
8	134473	388	Mercedes	50854.57022
2	63141	201	Honda	44332.01375
2	159865	333	Mercedes	59794.8179
2	61570	124	Ford	29415.17908
3	173964	200	BMW	38705.88104
7	6015	357	Mercedes	57109.7887
5	66813	335	Toyota	50056.36641
7	32712	231	Toyota	35534.10575
0	105497	156	Mercedes	44957.9624
7	144487	124	Mercedes	28594.71715
3	117816	357	Mercedes	59386.52783
10	133778	247	Toyota	25776.29828
0	67292	77	Toyota	32281.08313
7	28833	390	Mercedes	60706.96688
3	140230	382	Honda	53571.4008
5	198752	316	Honda	42036.29299
7	25309	392	Ford	52288.41206
3	11970	324	BMW	58667.46683
13	77474	397	Honda	38752.74739
2	51540	123	Toyota	31692.57319
13	156456	318	Honda	27059.17358
8	23017	308	Ford	43808.09786
2	80880	298	Ford	48108.74199
8	110570	136	BMW	27800.04681
12	13702	120	Honda	14656.82508
1	136456	166	Toyota	36180.60112
13	5404	161	Toyota	19550.20848
1	177015	333	Mercedes	54190.22385
1	183998	360	Toyota	50571.14835
5	165261	165	BMW	32498.99111
2	17763	157	BMW	46441.93098
12	154456	147	Toyota	10644.43334
8	196172	357	Toyota	37799.63844
3	103142	189	Mercedes	47828.86905
0	145932	371	Toyota	55378.48544
3	85642	234	Mercedes	51388.87003
0	55612	251	Mercedes	57619.44375
13	28574	292	Toyota	30870.24958
4	28524	380	Ford	61331.69311
3	15916	76	Ford	30681.55605
7	9809	399	Mercedes	62154.54142
7	168273	332	Toyota	41984.59467
6	189402	230	Ford	32279.49729
2	149528	220	Toyota	36924.81185
0	192469	154	Toyota	34365.59948
0	126288	216	Toyota	39850.60853
11	43765	181	Honda	21831.44322
10	170888	105	Toyota	10583.70594
2	50106	354	Honda	56690.48929
5	58932	257	Mercedes	49300.13349
6	153172	151	Ford	23914.63077
5	62091	71	Ford	23568.28346
13	26949	372	Ford	37504.15196
13	42744	266	Ford	25082.50217
5	181615	80	Ford	20375.50365
5	113319	303	Ford	42142.65651
12	97193	264	Ford	27360.37119
2	41187	188	Mercedes	51611.14405
5	143311	89	Toyota	20059.79
7	129454	330	BMW	45814.68686
10	19489	362	Honda	43868.33005
10	194089	325	BMW	39830.63183
1	66877	291	BMW	59168.64509
4	179197	295	Toyota	38129.86642
13	54922	122	Toyota	12647.18767
0	99074	349	Toyota	59485.36294
11	168121	150	Ford	12383.32623
14	42131	271	Mercedes	34213.93875
0	179016	227	Ford	42739.23719
4	120765	189	Mercedes	40466.89092
11	78963	128	Mercedes	20264.77851
12	111884	284	BMW	35961.70779
2	130917	197	BMW	45672.572
3	29285	293	Mercedes	59003.52259
2	42626	278	Mercedes	60757.75201
0	178880	184	Ford	39846.38745
0	189943	278	Ford	48175.98201
11	24198	83	BMW	15663.6453
11	155830	78	Toyota	8402.289904
13	20254	109	Mercedes	20053.46103
12	49238	306	Ford	33263.08336
13	6252	350	BMW	44326.06638
4	44764	270	Ford	46809.46549
5	82709	315	Mercedes	55608.90006
2	173513	347	Mercedes	59292.83229
11	58682	304	Honda	35416.47118
8	64494	73	Toyota	16538.32548
4	86317	223	Honda	32280.92897
7	70215	98	BMW	26714.06796
12	83587	178	Ford	16237.47097
0	11949	167	BMW	53524.02908
13	60393	284	Mercedes	36618.4244
4	143013	362	Honda	49133.07603
14	30934	144	Honda	13137.86564
2	159458	395	Honda	55739.13727
11	197958	215	BMW	23778.44769
0	80745	197	Mercedes	48773.63511
3	99456	111	Ford	25304.64101
14	58413	110	Ford	8637.443545
12	192872	103	BMW	13807.02828
4	102239	86	Honda	23412.67061
6	47318	234	Toyota	37640.9895
0	75390	222	BMW	54899.02183
2	188401	145	BMW	34093.19359
1	48088	156	Mercedes	47155.64914
8	108196	186	Ford	24357.15904
9	175883	96	BMW	21018.08898
14	60479	382	BMW	45300.96901
5	24963	356	Honda	51367.16432
9	60123	203	Honda	29065.61877
2	130911	288	Toyota	48389.6486
7	107468	237	Mercedes	42023.259
13	78477	167	Toyota	14939.27607
7	19388	337	Honda	50343.71492
1	10569	306	Ford	54762.52062
14	74836	378	Honda	34452.01411
5	109573	242	Mercedes	42966.06516
6	172658	259	Honda	35832.08699
1	148087	191	Mercedes	44530.37625
14	50002	115	Mercedes	16657.40165
10	142326	133	Mercedes	23419.04074
9	153216	199	Mercedes	31635.69983
1	160286	379	Mercedes	62071.44731
9	142162	262	Ford	31705.21057
0	147709	376	Toyota	59125.92934
7	158487	250	BMW	35912.24432
0	29071	361	Toyota	59991.01821
8	63243	351	Mercedes	51906.21058
10	130827	98	Ford	13458.83798
5	113215	218	Honda	36890.68172
6	177312	336	Ford	41946.73375
12	106570	365	Mercedes	43268.84968
9	169506	80	Ford	11048.17534
6	74724	233	Ford	34353.13897
9	120359	182	Mercedes	33556.02573
2	80697	256	Ford	49413.02684
